
16.785036119
17.67186109
16.627605610
17.690836267
16.921354418
16.590418863
18.189535211
15.756881958
17.889571596
16.282094168
15.757614875
16.312603373
16.515473301
16.693115565
17.234746442
17.689410432
16.998875036
17.328142491
15.726409791
16.732843812
18.790222155
17.490423389
18.992047077
16.589405254
15.756527670
18.90374323
16.282491004
17.590473435
17.117018085
18.690904585
16.891500037
18.993432905
17.139610514
15.781002777
17.490723992
15.765798722
18.390895026
18.190983479
17.390331979
16.746597458
15.606229747
16.564004699
18.311308003
17.212815568
17.117195717
15.766282499
17.141438708
16.655677953
15.756852086
16.91584917
18.311396246
15.991419599
16.336554710
17.789395314
16.190850592
16.389437748
16.392492935
16.693397881
15.780803754
17.69338830
15.766210374
16.507716218
15.989775927
17.411659376
16.564411836
18.10868923
16.290531379
17.140266858
18.489570779
16.747046062
17.233858086
17.240324311
18.412900009
16.962056456
16.797016006
18.694609776
17.512518267
17.90238685
16.814504359
17.489409725
16.91976969
17.212995010
15.789981880
15.756948236
17.67311852
15.781318339
17.611781643
16.563343708
16.515615670
16.190239603
18.490476227
15.726225031
18.11372828
17.691122425
15.756647522
17.411810525
15.657878208
15.658123740
17.117795708
16.979881669
17.790988762
16.797279111
15.890569617
16.473455612
16.589474785
17.590273525
16.437082124
17.90059070
18.889389467
16.515055165
17.912638808
16.931413853
19.3313011
18.12030511
17.69373663
16.796421630
17.140487898
16.437690951
16.654948421
16.763631483
15.991028948
15.891250975
17.489536960
16.747095401
17.175962472
15.756931769
18.790861280
16.290569512
15.990875845
16.835841302
16.628570176
16.590846626
16.590246904
17.233192912
18.492683520
18.992018566
16.564507109
17.90799640
16.211711934
18.990262620
16.784421570
17.176674606
16.489546785
17.233140582
18.90386787
16.784524900
16.37011426
17.116964018
16.899658140
18.32890598
17.68116975
18.192830673
18.491329343
18.611915886
16.899192453
17.90556757
15.819914578
16.565281239
16.473762434
16.36940839
17.240446457
18.191284862
18.612768165
17.234070318
17.611699329
16.931652845
18.789412045
17.912787683
16.90578434
17.155065104
16.692691770
17.117825688
15.889597841
18.890829113
15.725796277
17.289472955
18.689363163
17.116882096
16.36865528
15.791107629
16.507920686
15.658232815
15.605625424
17.139761371
16.694203257
17.69048592
16.796391108
18.490923328
16.748092365
15.740720274
15.841942075
18.790498021
17.790204824
18.11387621
16.961478802
16.814087311
16.863733374
16.961835948
18.791146013
16.564083240
16.795889887
17.307231902
17.490979680
16.785019587
16.692855894
18.312123697
15.756446806
16.785772924
16.983406657
16.190351049
17.328024213
17.512370528
15.842024966
15.765942392
18.990827218
18.10020628
17.234434681
16.490379883
18.412810221
16.998953173
18.520530430
17.589473038
16.507264377
18.11963462
17.239991737
16.591224650
18.492509337
17.690238712
17.176507804
16.921046052
18.89383174
15.757446349
16.627858125
18.643765953
15.765929520
17.290800210
15.741138709
15.765874688
18.611896367
18.989426939
17.139958105
15.657562657
18.391234068
16.899650820
18.192267611
16.748016334
16.891946770
15.790927625
16.312532328
18.610325452
18.520605731
16.489411014
18.993362824
16.16099146
16.649953990
17.68322983
16.948405248
15.657783906
16.986878563
16.490324098
15.989587009
16.437472132
17.890695030
18.890394313
16.386144581
15.725959393
15.765863203
15.658006355
17.589393735
17.327901659
16.189364307
16.890647483
16.392106551
18.91327331
17.512456764
16.890626616
16.747033656
17.490264361
18.90982559
15.892098476
17.390589138
16.90785277
18.610421693
16.654963837
18.491078366
16.564635462
18.894535353
17.205930359
16.391219536
16.291621919
18.10789667
17.177661002
16.89359898
18.310094486
17.90150834
16.655412751
16.932457972
18.690156838
16.746749946
16.987079339
16.391509995
17.491284345
18.312441227
15.890446623
15.991685557
16.289456429
16.336501328
17.796867287
17.89974684
16.795085074
17.690402157
17.117810422
18.691429067
18.10151724
16.490614799
16.627273609
17.67365184
17.890886787
15.741674768
18.11198606
16.490457389
17.790370198
18.994025324
17.389503446
15.819775461
16.336123533
18.989680271
16.312434271
15.704603491
16.692767300
18.890214574
16.930916973
15.725321483
16.814478551
17.233017572
15.819862441
16.365237215
18.389560177
16.889326913
16.282361193
17.233345819
17.290306587
15.658110801
18.489741825
