
150
78
48
82
97
96
55
87
53
75
63
70
55
63
74
68
100
64
75
75
91
81
65
86
64
63
90
61
95
71
86
87
69
58
74
93
81
46
66
72
58
64
62
191
71
73
72
65
96
79
46
102
69
119
118
53
58
56
52
63
70
75
82
68
74
66
72
67
41
60
64
62
82
70
31
83
55
74
68
86
65
66
54
77
61
75
66
86
63
87
70
64
63
78
78
89
62
75
64
60
57
86
80
56
90
49
71
164
71
85
71
80
66
63
66
64
96
78
83
70
56
74
58
57
85
52
70
77

95
79
89
81
105
71
77
84
58
59
83
76
56
60
69
65
92
70
62
92
91
56
89
57
55
70
93
73
78
67
60
89
62
87
93
63
65
73
38
77
76
79
72
174
62
96
68
75
72
68
66
90
99
131
84
76
38
76
51
67
59
88
81
68
97
67
70
69
67
79
66
80
77
60
56
68
68
94
59
56
66
81
53
77
61
70
65
64
90
60
59
75
76
78
90
62
76
64
58
58
93
77
45
98
48
70
163
72
70
80
67
79
69
73
54
64
75
54
77
63
71
64
54
85
55
60
95
69

150
77
100
87
49
90
64
75
76
61
71
63
59
66
72
82
76
73
67
98
105
90
58
84
62
94
61
82
84
100
87
70
65
88
93
73
77
67
64
70
53
170
80
95
57
71
75
61
82
76
58
67
110
104
72
64
77
65
59
96
80
68
75
52
61
70
60
104
79
52
66
66
65
71
57
72
77
75
50
79
56
77
66
79
100
63
81
53
62
75
66
71
85
91
57
54
88
54
101
99
76
80
70
170
52
64
110
60
60
57
66
78
85
79
67
90
62
70
82
54
65
81
57
81

95
79
91
81
66
61
81
90
64
64
70
63
66
78
57
81
62
62
72
69
84
71
86
66
77
62
66
88
64
92
73
76
59
77
79
67
99
54
73
63
73
71
67
80
71
71
78
73
92
61
99
89
99
132
85
76
66
64
59
67
80
96
39
72
85
68
70
76
70
75
64
61
75
40
63
69
64
70
113
65
70
53
76
47
63
80
93
61
71
42
62
65
79
65
63
86
64
74
74
65
76
58
101
76
79
89
175
75
105
61
64
58
72
72
85
81
55
75
75
70
61
95
56
94
51
82

95
80
90
81
78
86
49
82
65
60
70
62
94
65
71
63
60
65
71
71
75
70
86
103
58
60
73
69
98
73
71
101
63
69
67
83
92
99
63
74
70
67
61
168
95
77
83
62
89
92
37
96
69
76
93
54
72
62
76
64
64
79
76
84
68
60
66
72
60
105
49
79
48
74
70
69
64
63
88
67
56
90
57
63
58
71
105
59
60
64
80
77
71
59
60
80
90
49
70
86
103
100
76
59
68
191
80
72
81
66
56
80
59
75
62
78
57
73
72
69
62
89
56
61
71
79

153
77
99
42
85
68
77
82
38
68
60
77
77
65
70
64
96
59
66
88
56
93
50
87
59
78
92
74
82
70
112
57
70
90
68
99
40
82
77
74
81
68
168
65
87
92
74
64
66
90
76
68
67
109
104
52
69
66
71
67
69
87
54
98
54
74
57
79
64
86
81
52
73
70
70
65
64
84
58
57
68
82
54
76
61
56
80
77
90
85
75
68
57
70
84
86
47
70
91
87
54
76
65
76
89
167
76
81
71
81
64
64
70
56
97
79
83
51
71
52
77
65
93
61
94
69
