
105
80
93
90
88
228
83
84
91
85
98
83
74
148
79
76
74
85
111
90
82
88
72
74
84
90
98
80
73
81
106
87
86
77
81
135
80
97
89
81
88
90
83
78
83
76
111
71
78
81
77
139
79
79
85
90
114
90
88
79
84
101
78
92
122
72
98
91
85
89
115
74
84
101
89
119
82
84
77
77
124
80
79
81
78
94
60
118
135
87
86
125
85
78
84
135
85
87
87
96
110
98
86
103
81
160
65
97
90
83
123
81
79
89
139
83
76
90
92
136
68
87
87
82
81
118
54
75
105
102
114
80
88
93
85
71
95
77
132
88
99
79
85
88
130
83
85
90
110
86
96
82
121
87
99
92
159
99
89
82
80
117
82
85
110
99
61
80
66
82
129
82
90
82
82
128
88
77
120
80
67
81
80
77
138
90
79
82
130
85
80
120
114
99
78
121
78
73
82
69
132
71
75
84
108
87
71
105
93
96
86
92
106
104
82
80
129
88
83
88
94
81
84
79
144
79
78
80
82
134
98
86
116
86
88
79
128
134
91
90
110
82
69
81
125
83
89
91
78
139
86
90
77
123
88
151
121
87
84
88
79
80
80
87
76
101
84
92
83
121
82
89
86
86
113
82
114
92
118
91
85
108
109
84
70
92
145
71
80
83
75
84
86
82
87
121
133
92
84
112
281
98
147
84
78
80
130
74
83
82
78
85
116
81
121
62
62
84
83
114
78
81
94
134
83
93
82
134
76
84
110
113
84
87
114
71
72
101
84
90
104
83
78
101
79
81
80
96
96
71
105
73
80
79
93
79
87
79
84
84
104
71
69
70
75
147
81
109
85
63
103
84
91
91
90
97
87
91
74
130
88
81
84
98
81
106
90
193
84
73
80
97
131
83
85
97
82
125
100
112
77
73
77
126
84
79
86
128
77
75
118
83
99
73
77
92
87
83
121
85
88
91
125
89
88
85
80
101
81
81
84
81
77
75
71
74
79
144
126
79
81
131
72
67
69
87
149
84
67
77
89
80
78
77
129
84
79
92
87
91
80
83
120
85
80
84
96
86
91
117
87
88
118
87
77
136
116
86
98
103
103
87
86
95
98
96
99
131
88
101
123
103
93
85
107
76
97
87
142
74
97
140
83
98
88
122
82
88
82
103
88
85
77
114
74
77
80
118
71
87
76
88
78
74
87
85
114
87
63
85
128
81
85
67
65
83
83
134
155
74
89
84
119
89
83
78
58
83
89
84
126
89
79
114
87
91
89
108
80
120
138
67
85
81
64
80
75
86
88
70
88
89
138
99
82
79
131
131
77
73
130
87
95
158
82
102
95
121
87
83
101
130
87
83
93
91
107
80
144
85
106
131
83
81
306
92
84
77
78
90
87
79
86
131
76
74
82
151
94
89
114
79
113
98
81
83
102
85
84
147
86
81
89
201
100
89
109
77
97
81
86
101
86
88
148
84
83
87
102
87
84
155
71
82
88
88
149
95
103
107
106
371
1074

109
123
83
98
86
189
82
83
77
78
115
86
81
137
85
72
75
81
110
84
75
89
111
83
92
88
97
80
79
109
71
81
82
72
72
127
118
94
91
93
171
91
93
79
90
87
72
83
84
85
128
81
79
86
86
82
95
93
82
69
111
80
100
90
81
79
74
77
87
80
122
76
85
87
79
128
79
81
74
84
87
84
87
79
73
91
113
121
134
91
83
117
75
81
87
85
60
86
89
86
92
114
78
83
102
90
95
122
152
90
77
107
82
79
87
104
79
86
83
76
104
109
81
98
83
81
80
98
92
82
96
134
92
97
94
82
75
64
87
117
87
98
83
85
86
134
92
71
90
102
97
82
82
127
74
127
109
106
114
81
83
92
100
95
90
80
78
112
73
73
71
78
69
79
89
79
80
120
86
81
100
96
69
80
84
76
139
83
84
163
82
93
89
95
116
78
42
87
104
76
80
73
84
100
72
78
89
77
48
147
107
103
95
90
74
122
88
94
104
105
82
84
85
96
74
90
76
145
74
95
112
86
94
86
80
114
80
88
88
125
134
88
90
123
87
71
79
128
84
86
91
93
127
85
75
94
120
74
87
82
113
78
85
82
83
87
85
92
80
93
84
78
96
124
81
95
98
178
88
90
89
119
72
86
91
90
74
82
87
86
173
75
94
77
107
80
78
93
119
105
80
96
135
288
107
164
89
92
87
109
76
75
124
58
90
90
86
134
82
82
79
89
68
78
77
78
119
84
83
101
137
80
82
111
114
91
78
140
121
92
96
83
107
81
71
100
85
80
69
113
90
76
116
88
78
88
86
88
124
85
92
106
84
74
90
84
84
86
103
100
114
74
78
72
80
89
81
81
71
78
110
99
84
81
124
81
92
72
184
74
82
86
120
83
82
84
89
65
86
161
79
81
77
82
81
120
85
85
83
109
90
84
117
86
87
76
78
88
88
82
127
81
86
85
117
89
77
76
78
120
86
83
74
84
83
82
77
72
77
137
119
86
100
129
85
99
87
150
113
88
76
72
75
75
66
128
85
79
103
80
84
78
81
120
90
78
142
53
85
91
114
87
97
121
76
84
91
65
140
88
151
96
98
91
92
73
89
91
172
104
89
119
112
92
87
114
94
95
96
117
83
100
108
70
85
85
78
92
83
85
107
71
88
100
114
63
78
88
77
104
88
74
77
58
130
92
80
122
102
82
137
82
84
174
70
94
115
154
90
80
84
138
91
82
136
80
102
90
127
87
85
113
87
81
95
118
81
86
101
68
76
85
148
82
99
134
88
86
77
96
97
106
107
88
84
119
125
131
83
99
155
89
91
200
90
90
84
129
69
95
83
141
114
89
142
79
82
92
79
117
302
98
74
81
79
108
88
77
68
77
91
93
97
157
71
94
125
90
112
93
89
127
49
80
85
130
83
90
92
83
151
82
87
122
83
102
138
77
82
80
82
130
83
81
90
108
74
94
87
109
99
85
97
167
88
94
97
113
386
1069

112
126
82
96
88
188
130
80
82
150
81
91
140
76
77
83
77
122
81
88
85
106
80
78
97
90
93
77
108
62
71
86
81
85
129
130
102
91
99
134
89
78
85
84
110
85
84
90
86
110
88
74
84
80
87
91
83
84
83
111
84
86
62
87
72
100
91
87
82
120
77
81
87
107
120
84
83
80
76
116
64
77
73
78
82
115
118
134
92
86
117
77
81
83
108
74
92
96
95
115
65
92
91
67
81
142
60
97
89
77
76
60
83
79
86
132
77
83
89
87
87
98
94
91
80
74
100
82
95
80
87
151
99
96
92
75
71
80
78
131
82
101
85
80
88
126
96
90
139
61
77
74
86
134
90
103
90
94
105
69
81
81
91
101
79
85
99
72
92
72
80
81
77
75
83
83
81
74
132
83
87
118
90
76
87
72
77
129
87
80
159
84
80
104
88
124
97
85
69
84
83
91
84
83
52
86
81
81
96
83
71
105
85
82
76
87
128
91
123
93
100
86
83
87
97
78
94
92
131
74
89
93
81
118
81
82
114
78
72
68
80
117
131
80
89
106
76
80
80
82
74
82
97
81
83
117
85
79
79
111
98
73
84
117
88
83
78
83
115
89
102
135
84
91
84
122
82
86
98
89
86
79
80
83
141
87
106
87
118
81
82
75
176
71
75
99
125
78
81
80
121
103
84
107
126
289
87
86
94
87
83
76
127
89
85
135
76
94
78
85
104
93
86
90
115
81
83
92
130
93
99
85
127
82
84
107
118
89
82
140
117
106
87
77
109
85
143
67
81
81
107
53
92
91
108
78
98
88
99
90
112
82
87
111
88
83
87
93
81
84
104
101
116
92
81
77
89
118
83
77
82
73
86
88
80
82
103
81
90
80
134
57
82
92
85
99
97
85
84
134
102
116
100
112
78
81
73
114
75
84
89
116
89
89
121
86
93
97
134
82
79
116
85
91
88
115
78
83
74
88
115
85
84
83
135
79
73
87
86
160
120
75
74
79
70
84
110
106
124
104
94
117
95
80
78
132
83
82
103
83
83
80
73
122
88
76
74
96
54
89
83
79
91
79
121
95
87
126
134
92
80
63
114
97
85
93
115
82
94
128
85
90
109
101
75
81
153
82
99
89
140
75
78
81
91
108
84
81
92
100
72
104
71
90
76
80
108
87
106
87
98
85
97
96
139
88
81
117
83
79
85
97
88
110
116
100
91
121
139
80
85
80
138
82
83
126
88
93
90
129
78
94
104
86
94
90
126
107
102
128
85
78
132
82
77
86
76
82
117
85
116
86
85
94
114
92
62
81
78
96
95
88
146
77
106
90
120
79
92
90
126
91
112
159
130
89
127
86
93
80
71
118
329
92
84
83
71
92
82
80
86
75
82
90
82
73
97
81
93
134
78
121
93
104
138
77
83
71
114
97
75
99
177
99
97
118
99
87
150
84
96
75
78
75
97
79
83
90
93
76
95
103
98
89
92
154
79
70
102
111
459
1077

106
131
79
97
88
191
80
82
77
77
108
80
90
146
75
74
88
82
108
88
93
78
108
79
97
83
86
91
79
104
71
68
84
86
84
128
121
87
92
92
96
90
88
82
85
140
65
82
81
96
92
77
87
88
85
122
74
92
97
74
77
86
82
93
68
83
82
73
75
80
79
121
78
73
88
83
107
74
68
75
87
82
108
81
83
83
82
122
94
52
131
91
78
110
78
83
85
113
80
104
94
135
80
79
76
104
82
101
117
109
86
83
129
76
77
63
75
90
73
78
86
74
81
125
79
81
85
84
79
119
100
81
88
82
89
86
87
94
78
137
78
118
84
114
74
76
77
76
72
98
89
83
103
97
81
78
121
79
130
78
85
84
90
88
74
84
107
83
80
83
90
103
71
82
83
125
74
77
90
99
130
85
103
123
103
80
90
80
78
83
83
79
83
130
89
87
83
76
89
96
83
114
84
79
86
85
102
88
77
81
96
143
84
98
87
85
80
123
75
107
73
98
60
74
77
127
68
79
77
97
90
73
81
79
65
132
77
78
78
81
83
79
92
122
131
88
91
118
93
79
77
124
85
90
87
91
127
82
79
74
119
81
80
81
89
66
87
79
80
135
83
87
67
105
85
98
81
122
87
88
84
88
111
82
93
86
144
90
80
87
142
84
84
85
175
84
112
81
84
86
84
119
80
86
98
96
147
276
104
150
75
88
83
127
75
82
78
78
76
79
76
91
100
98
87
87
119
81
91
81
106
120
100
79
132
85
81
105
110
82
88
141
122
85
87
84
113
89
74
102
81
88
79
97
83
77
116
81
79
81
80
107
120
78
94
123
89
82
93
92
82
89
96
101
131
84
73
78
79
116
70
81
86
72
96
93
85
141
62
88
87
94
172
86
80
112
53
83
81
73
126
88
107
87
124
75
71
81
77
112
87
92
82
105
85
81
110
85
91
91
146
84
79
125
87
83
85
120
80
82
85
82
125
81
80
78
84
79
84
67
82
80
144
115
82
104
127
86
104
89
147
112
88
103
74
78
82
162
70
93
106
97
109
81
82
68
83
80
71
114
83
95
115
85
92
121
87
87
122
148
88
133
85
74
122
78
84
85
92
175
88
93
123
104
70
80
107
54
93
100
81
129
84
85
131
83
89
93
144
96
78
77
79
86
82
94
94
81
77
79
133
93
75
85
57
139
91
82
117
93
82
83
96
89
113
118
91
79
183
129
79
88
91
81
88
85
140
82
99
88
132
85
78
119
72
74
77
126
66
106
78
126
88
83
124
82
88
134
79
96
93
109
76
112
101
89
96
115
120
129
98
93
152
82
88
69
159
85
85
84
130
90
91
163
94
94
92
80
79
73
66
92
95
86
281
88
88
76
146
84
77
84
81
114
89
87
143
104
91
129
87
110
95
103
138
86
109
151
88
92
87
163
57
77
81
113
89
80
80
94
88
90
91
139
75
82
76
130
86
83
107
113
91
79
83
113
100
92
101
102
102
357
1073

113
148
86
91
87
155
112
77
85
127
74
75
102
84
76
76
83
74
108
75
70
84
78
102
88
96
74
86
79
84
106
75
85
75
81
85
67
127
107
91
96
107
52
81
79
85
81
88
71
77
88
76
88
69
85
78
86
144
89
83
72
79
94
60
77
91
69
78
70
82
77
80
71
122
78
77
85
83
130
83
81
86
87
124
79
81
87
88
83
62
116
136
85
82
80
49
90
79
84
132
72
95
87
89
118
78
81
102
84
99
120
87
94
82
149
82
74
77
117
87
77
82
75
89
129
81
95
91
83
90
80
95
84
90
139
77
84
73
93
63
145
76
126
75
112
84
86
88
131
84
83
148
58
91
79
81
116
89
102
93
102
108
68
84
81
75
112
81
82
82
81
85
75
88
80
86
73
76
77
88
161
47
81
104
128
104
79
95
94
141
86
82
162
87
82
98
86
131
97
81
109
82
77
75
90
118
74
75
84
82
70
99
86
70
87
84
87
82
102
111
74
102
98
78
85
84
97
71
78
84
76
57
75
80
77
83
116
76
80
74
84
84
95
88
125
133
87
89
124
87
81
76
109
82
89
84
85
144
70
80
77
141
90
86
82
114
90
80
86
76
95
89
88
113
45
77
77
80
117
84
89
86
82
116
83
92
113
119
81
101
91
118
73
81
85
177
84
85
77
125
90
83
90
123
88
102
94
147
279
103
92
77
78
103
78
93
83
85
141
75
87
80
84
106
95
88
75
123
81
84
83
120
90
87
74
134
78
74
78
58
111
91
78
118
130
78
99
105
112
79
83
103
77
81
79
99
91
80
122
82
81
87
89
89
124
82
93
111
84
73
90
155
78
108
121
134
84
91
89
93
104
84
85
79
99
56
84
74
127
63
99
98
131
111
81
86
86
87
96
86
82
138
85
95
106
139
79
84
88
126
85
94
86
96
71
88
115
85
97
108
135
87
80
102
77
90
89
94
57
83
88
79
83
107
75
75
79
137
77
81
65
85
101
120
75
83
78
131
72
75
65
103
126
107
87
117
92
80
81
129
80
83
104
84
76
75
85
107
106
80
84
107
86
100
119
95
79
117
87
98
129
136
95
147
74
76
123
79
81
90
91
174
87
100
141
116
96
80
108
72
83
76
93
92
98
86
111
83
77
91
154
98
79
142
78
79
78
132
81
77
70
126
72
78
81
91
146
87
85
123
102
101
140
89
112
118
94
108
97
130
79
83
82
111
61
69
83
116
82
98
86
107
77
75
90
77
82
92
85
112
91
112
140
75
88
86
65
81
77
89
92
76
84
85
133
112
140
90
98
117
130
139
94
105
137
99
92
192
84
88
88
129
98
91
89
93
85
98
87
64
94
87
135
80
79
306
94
79
77
139
71
72
82
77
120
83
88
178
70
94
135
80
118
84
92
82
81
88
77
92
87
82
118
91
175
102
87
106
95
89
81
87
98
87
90
128
78
75
79
143
91
84
87
106
86
81
98
111
64
92
90
111
505
1067

115
76
92
75
78
89
146
82
85
87
78
102
82
82
146
78
76
87
84
120
81
78
88
108
82
104
99
96
81
87
115
79
87
85
76
84
68
120
85
91
79
87
110
91
80
86
125
41
87
78
90
92
99
72
82
86
159
102
91
86
79
120
96
93
86
72
106
89
77
75
74
84
74
85
83
78
121
77
75
79
76
80
110
80
77
81
82
125
119
134
96
82
113
74
88
91
110
80
87
95
101
131
72
82
104
83
89
121
104
81
72
74
77
77
82
86
113
87
78
91
88
83
107
81
80
93
84
80
103
100
79
88
85
82
87
104
97
85
137
79
120
85
105
79
77
73
63
90
89
93
164
91
97
79
70
63
88
97
107
83
140
82
82
86
99
78
78
80
90
120
74
84
83
127
82
78
88
83
118
82
77
86
67
85
86
72
82
77
83
87
79
80
125
96
88
90
77
90
106
80
104
82
79
76
85
125
79
81
81
102
147
91
71
78
97
82
86
83
69
92
85
95
65
83
73
127
70
74
76
81
117
114
63
92
92
89
103
82
108
75
90
93
82
53
133
111
73
93
86
72
78
111
72
86
80
89
99
61
85
87
86
120
87
88
83
116
91
83
86
78
91
91
113
126
84
79
81
114
76
91
94
87
120
85
94
104
128
88
84
81
107
74
76
87
89
66
87
84
78
123
88
71
81
102
85
101
100
80
67
278
96
151
79
80
84
71
54
85
75
69
81
88
112
89
136
101
88
74
120
89
94
86
126
84
83
82
152
82
81
110
112
82
78
120
127
88
97
93
122
87
139
68
80
82
108
52
89
95
106
75
75
105
114
81
96
76
76
110
82
81
74
82
114
81
90
85
62
108
83
93
81
115
83
81
91
81
117
87
84
84
103
78
94
87
185
94
78
89
94
83
81
77
132
89
111
88
118
67
75
80
75
116
76
88
85
113
84
86
110
86
88
69
77
93
88
80
110
97
87
87
116
77
86
80
88
122
87
82
74
123
81
66
71
73
102
122
68
83
102
127
88
68
90
90
99
93
87
135
80
92
127
74
83
80
106
75
88
76
85
121
91
80
84
106
83
82
119
83
80
108
96
84
97
65
141
86
135
86
78
137
81
74
87
96
181
91
101
120
110
81
92
116
92
94
95
124
86
92
143
79
93
88
134
94
78
106
77
88
82
74
101
87
89
95
99
85
83
106
81
77
95
86
114
100
102
137
90
114
117
82
78
119
135
90
80
78
86
69
88
87
117
78
94
90
73
80
100
86
110
74
75
76
154
79
110
89
67
90
81
129
81
74
89
85
73
90
97
133
87
93
77
131
153
118
132
92
93
116
52
79
101
181
88
94
85
117
71
92
96
132
82
87
92
75
77
106
143
84
86
283
85
89
97
147
98
73
86
129
56
84
88
112
79
74
88
95
84
112
91
106
137
76
89
72
114
85
79
93
199
101
89
121
101
85
148
90
83
81
87
91
92
86
75
104
85
81
142
63
99
82
93
150
91
100
107
120
368
1068
