
112
126
82
96
88
188
130
80
82
150
81
91
140
76
77
83
77
122
81
88
85
106
80
78
97
90
93
77
108
62
71
86
81
85
129
130
102
91
99
134
89
78
85
84
110
85
84
90
86
110
88
74
84
80
87
91
83
84
83
111
84
86
62
87
72
100
91
87
82
120
77
81
87
107
120
84
83
80
76
116
64
77
73
78
82
115
118
134
92
86
117
77
81
83
108
74
92
96
95
115
65
92
91
67
81
142
60
97
89
77
76
60
83
79
86
132
77
83
89
87
87
98
94
91
80
74
100
82
95
80
87
151
99
96
92
75
71
80
78
131
82
101
85
80
88
126
96
90
139
61
77
74
86
134
90
103
90
94
105
69
81
81
91
101
79
85
99
72
92
72
80
81
77
75
83
83
81
74
132
83
87
118
90
76
87
72
77
129
87
80
159
84
80
104
88
124
97
85
69
84
83
91
84
83
52
86
81
81
96
83
71
105
85
82
76
87
128
91
123
93
100
86
83
87
97
78
94
92
131
74
89
93
81
118
81
82
114
78
72
68
80
117
131
80
89
106
76
80
80
82
74
82
97
81
83
117
85
79
79
111
98
73
84
117
88
83
78
83
115
89
102
135
84
91
84
122
82
86
98
89
86
79
80
83
141
87
106
87
118
81
82
75
176
71
75
99
125
78
81
80
121
103
84
107
126
289
87
86
94
87
83
76
127
89
85
135
76
94
78
85
104
93
86
90
115
81
83
92
130
93
99
85
127
82
84
107
118
89
82
140
117
106
87
77
109
85
143
67
81
81
107
53
92
91
108
78
98
88
99
90
112
82
87
111
88
83
87
93
81
84
104
101
116
92
81
77
89
118
83
77
82
73
86
88
80
82
103
81
90
80
134
57
82
92
85
99
97
85
84
134
102
116
100
112
78
81
73
114
75
84
89
116
89
89
121
86
93
97
134
82
79
116
85
91
88
115
78
83
74
88
115
85
84
83
135
79
73
87
86
160
120
75
74
79
70
84
110
106
124
104
94
117
95
80
78
132
83
82
103
83
83
80
73
122
88
76
74
96
54
89
83
79
91
79
121
95
87
126
134
92
80
63
114
97
85
93
115
82
94
128
85
90
109
101
75
81
153
82
99
89
140
75
78
81
91
108
84
81
92
100
72
104
71
90
76
80
108
87
106
87
98
85
97
96
139
88
81
117
83
79
85
97
88
110
116
100
91
121
139
80
85
80
138
82
83
126
88
93
90
129
78
94
104
86
94
90
126
107
102
128
85
78
132
82
77
86
76
82
117
85
116
86
85
94
114
92
62
81
78
96
95
88
146
77
106
90
120
79
92
90
126
91
112
159
130
89
127
86
93
80
71
118
329
92
84
83
71
92
82
80
86
75
82
90
82
73
97
81
93
134
78
121
93
104
138
77
83
71
114
97
75
99
177
99
97
118
99
87
150
84
96
75
78
75
97
79
83
90
93
76
95
103
98
89
92
154
79
70
102
111
459
1077
