
113
148
86
91
87
155
112
77
85
127
74
75
102
84
76
76
83
74
108
75
70
84
78
102
88
96
74
86
79
84
106
75
85
75
81
85
67
127
107
91
96
107
52
81
79
85
81
88
71
77
88
76
88
69
85
78
86
144
89
83
72
79
94
60
77
91
69
78
70
82
77
80
71
122
78
77
85
83
130
83
81
86
87
124
79
81
87
88
83
62
116
136
85
82
80
49
90
79
84
132
72
95
87
89
118
78
81
102
84
99
120
87
94
82
149
82
74
77
117
87
77
82
75
89
129
81
95
91
83
90
80
95
84
90
139
77
84
73
93
63
145
76
126
75
112
84
86
88
131
84
83
148
58
91
79
81
116
89
102
93
102
108
68
84
81
75
112
81
82
82
81
85
75
88
80
86
73
76
77
88
161
47
81
104
128
104
79
95
94
141
86
82
162
87
82
98
86
131
97
81
109
82
77
75
90
118
74
75
84
82
70
99
86
70
87
84
87
82
102
111
74
102
98
78
85
84
97
71
78
84
76
57
75
80
77
83
116
76
80
74
84
84
95
88
125
133
87
89
124
87
81
76
109
82
89
84
85
144
70
80
77
141
90
86
82
114
90
80
86
76
95
89
88
113
45
77
77
80
117
84
89
86
82
116
83
92
113
119
81
101
91
118
73
81
85
177
84
85
77
125
90
83
90
123
88
102
94
147
279
103
92
77
78
103
78
93
83
85
141
75
87
80
84
106
95
88
75
123
81
84
83
120
90
87
74
134
78
74
78
58
111
91
78
118
130
78
99
105
112
79
83
103
77
81
79
99
91
80
122
82
81
87
89
89
124
82
93
111
84
73
90
155
78
108
121
134
84
91
89
93
104
84
85
79
99
56
84
74
127
63
99
98
131
111
81
86
86
87
96
86
82
138
85
95
106
139
79
84
88
126
85
94
86
96
71
88
115
85
97
108
135
87
80
102
77
90
89
94
57
83
88
79
83
107
75
75
79
137
77
81
65
85
101
120
75
83
78
131
72
75
65
103
126
107
87
117
92
80
81
129
80
83
104
84
76
75
85
107
106
80
84
107
86
100
119
95
79
117
87
98
129
136
95
147
74
76
123
79
81
90
91
174
87
100
141
116
96
80
108
72
83
76
93
92
98
86
111
83
77
91
154
98
79
142
78
79
78
132
81
77
70
126
72
78
81
91
146
87
85
123
102
101
140
89
112
118
94
108
97
130
79
83
82
111
61
69
83
116
82
98
86
107
77
75
90
77
82
92
85
112
91
112
140
75
88
86
65
81
77
89
92
76
84
85
133
112
140
90
98
117
130
139
94
105
137
99
92
192
84
88
88
129
98
91
89
93
85
98
87
64
94
87
135
80
79
306
94
79
77
139
71
72
82
77
120
83
88
178
70
94
135
80
118
84
92
82
81
88
77
92
87
82
118
91
175
102
87
106
95
89
81
87
98
87
90
128
78
75
79
143
91
84
87
106
86
81
98
111
64
92
90
111
505
1067
