
109
123
83
98
86
189
82
83
77
78
115
86
81
137
85
72
75
81
110
84
75
89
111
83
92
88
97
80
79
109
71
81
82
72
72
127
118
94
91
93
171
91
93
79
90
87
72
83
84
85
128
81
79
86
86
82
95
93
82
69
111
80
100
90
81
79
74
77
87
80
122
76
85
87
79
128
79
81
74
84
87
84
87
79
73
91
113
121
134
91
83
117
75
81
87
85
60
86
89
86
92
114
78
83
102
90
95
122
152
90
77
107
82
79
87
104
79
86
83
76
104
109
81
98
83
81
80
98
92
82
96
134
92
97
94
82
75
64
87
117
87
98
83
85
86
134
92
71
90
102
97
82
82
127
74
127
109
106
114
81
83
92
100
95
90
80
78
112
73
73
71
78
69
79
89
79
80
120
86
81
100
96
69
80
84
76
139
83
84
163
82
93
89
95
116
78
42
87
104
76
80
73
84
100
72
78
89
77
48
147
107
103
95
90
74
122
88
94
104
105
82
84
85
96
74
90
76
145
74
95
112
86
94
86
80
114
80
88
88
125
134
88
90
123
87
71
79
128
84
86
91
93
127
85
75
94
120
74
87
82
113
78
85
82
83
87
85
92
80
93
84
78
96
124
81
95
98
178
88
90
89
119
72
86
91
90
74
82
87
86
173
75
94
77
107
80
78
93
119
105
80
96
135
288
107
164
89
92
87
109
76
75
124
58
90
90
86
134
82
82
79
89
68
78
77
78
119
84
83
101
137
80
82
111
114
91
78
140
121
92
96
83
107
81
71
100
85
80
69
113
90
76
116
88
78
88
86
88
124
85
92
106
84
74
90
84
84
86
103
100
114
74
78
72
80
89
81
81
71
78
110
99
84
81
124
81
92
72
184
74
82
86
120
83
82
84
89
65
86
161
79
81
77
82
81
120
85
85
83
109
90
84
117
86
87
76
78
88
88
82
127
81
86
85
117
89
77
76
78
120
86
83
74
84
83
82
77
72
77
137
119
86
100
129
85
99
87
150
113
88
76
72
75
75
66
128
85
79
103
80
84
78
81
120
90
78
142
53
85
91
114
87
97
121
76
84
91
65
140
88
151
96
98
91
92
73
89
91
172
104
89
119
112
92
87
114
94
95
96
117
83
100
108
70
85
85
78
92
83
85
107
71
88
100
114
63
78
88
77
104
88
74
77
58
130
92
80
122
102
82
137
82
84
174
70
94
115
154
90
80
84
138
91
82
136
80
102
90
127
87
85
113
87
81
95
118
81
86
101
68
76
85
148
82
99
134
88
86
77
96
97
106
107
88
84
119
125
131
83
99
155
89
91
200
90
90
84
129
69
95
83
141
114
89
142
79
82
92
79
117
302
98
74
81
79
108
88
77
68
77
91
93
97
157
71
94
125
90
112
93
89
127
49
80
85
130
83
90
92
83
151
82
87
122
83
102
138
77
82
80
82
130
83
81
90
108
74
94
87
109
99
85
97
167
88
94
97
113
386
1069
