
106
131
79
97
88
191
80
82
77
77
108
80
90
146
75
74
88
82
108
88
93
78
108
79
97
83
86
91
79
104
71
68
84
86
84
128
121
87
92
92
96
90
88
82
85
140
65
82
81
96
92
77
87
88
85
122
74
92
97
74
77
86
82
93
68
83
82
73
75
80
79
121
78
73
88
83
107
74
68
75
87
82
108
81
83
83
82
122
94
52
131
91
78
110
78
83
85
113
80
104
94
135
80
79
76
104
82
101
117
109
86
83
129
76
77
63
75
90
73
78
86
74
81
125
79
81
85
84
79
119
100
81
88
82
89
86
87
94
78
137
78
118
84
114
74
76
77
76
72
98
89
83
103
97
81
78
121
79
130
78
85
84
90
88
74
84
107
83
80
83
90
103
71
82
83
125
74
77
90
99
130
85
103
123
103
80
90
80
78
83
83
79
83
130
89
87
83
76
89
96
83
114
84
79
86
85
102
88
77
81
96
143
84
98
87
85
80
123
75
107
73
98
60
74
77
127
68
79
77
97
90
73
81
79
65
132
77
78
78
81
83
79
92
122
131
88
91
118
93
79
77
124
85
90
87
91
127
82
79
74
119
81
80
81
89
66
87
79
80
135
83
87
67
105
85
98
81
122
87
88
84
88
111
82
93
86
144
90
80
87
142
84
84
85
175
84
112
81
84
86
84
119
80
86
98
96
147
276
104
150
75
88
83
127
75
82
78
78
76
79
76
91
100
98
87
87
119
81
91
81
106
120
100
79
132
85
81
105
110
82
88
141
122
85
87
84
113
89
74
102
81
88
79
97
83
77
116
81
79
81
80
107
120
78
94
123
89
82
93
92
82
89
96
101
131
84
73
78
79
116
70
81
86
72
96
93
85
141
62
88
87
94
172
86
80
112
53
83
81
73
126
88
107
87
124
75
71
81
77
112
87
92
82
105
85
81
110
85
91
91
146
84
79
125
87
83
85
120
80
82
85
82
125
81
80
78
84
79
84
67
82
80
144
115
82
104
127
86
104
89
147
112
88
103
74
78
82
162
70
93
106
97
109
81
82
68
83
80
71
114
83
95
115
85
92
121
87
87
122
148
88
133
85
74
122
78
84
85
92
175
88
93
123
104
70
80
107
54
93
100
81
129
84
85
131
83
89
93
144
96
78
77
79
86
82
94
94
81
77
79
133
93
75
85
57
139
91
82
117
93
82
83
96
89
113
118
91
79
183
129
79
88
91
81
88
85
140
82
99
88
132
85
78
119
72
74
77
126
66
106
78
126
88
83
124
82
88
134
79
96
93
109
76
112
101
89
96
115
120
129
98
93
152
82
88
69
159
85
85
84
130
90
91
163
94
94
92
80
79
73
66
92
95
86
281
88
88
76
146
84
77
84
81
114
89
87
143
104
91
129
87
110
95
103
138
86
109
151
88
92
87
163
57
77
81
113
89
80
80
94
88
90
91
139
75
82
76
130
86
83
107
113
91
79
83
113
100
92
101
102
102
357
1073
