
105
80
93
90
88
228
83
84
91
85
98
83
74
148
79
76
74
85
111
90
82
88
72
74
84
90
98
80
73
81
106
87
86
77
81
135
80
97
89
81
88
90
83
78
83
76
111
71
78
81
77
139
79
79
85
90
114
90
88
79
84
101
78
92
122
72
98
91
85
89
115
74
84
101
89
119
82
84
77
77
124
80
79
81
78
94
60
118
135
87
86
125
85
78
84
135
85
87
87
96
110
98
86
103
81
160
65
97
90
83
123
81
79
89
139
83
76
90
92
136
68
87
87
82
81
118
54
75
105
102
114
80
88
93
85
71
95
77
132
88
99
79
85
88
130
83
85
90
110
86
96
82
121
87
99
92
159
99
89
82
80
117
82
85
110
99
61
80
66
82
129
82
90
82
82
128
88
77
120
80
67
81
80
77
138
90
79
82
130
85
80
120
114
99
78
121
78
73
82
69
132
71
75
84
108
87
71
105
93
96
86
92
106
104
82
80
129
88
83
88
94
81
84
79
144
79
78
80
82
134
98
86
116
86
88
79
128
134
91
90
110
82
69
81
125
83
89
91
78
139
86
90
77
123
88
151
121
87
84
88
79
80
80
87
76
101
84
92
83
121
82
89
86
86
113
82
114
92
118
91
85
108
109
84
70
92
145
71
80
83
75
84
86
82
87
121
133
92
84
112
281
98
147
84
78
80
130
74
83
82
78
85
116
81
121
62
62
84
83
114
78
81
94
134
83
93
82
134
76
84
110
113
84
87
114
71
72
101
84
90
104
83
78
101
79
81
80
96
96
71
105
73
80
79
93
79
87
79
84
84
104
71
69
70
75
147
81
109
85
63
103
84
91
91
90
97
87
91
74
130
88
81
84
98
81
106
90
193
84
73
80
97
131
83
85
97
82
125
100
112
77
73
77
126
84
79
86
128
77
75
118
83
99
73
77
92
87
83
121
85
88
91
125
89
88
85
80
101
81
81
84
81
77
75
71
74
79
144
126
79
81
131
72
67
69
87
149
84
67
77
89
80
78
77
129
84
79
92
87
91
80
83
120
85
80
84
96
86
91
117
87
88
118
87
77
136
116
86
98
103
103
87
86
95
98
96
99
131
88
101
123
103
93
85
107
76
97
87
142
74
97
140
83
98
88
122
82
88
82
103
88
85
77
114
74
77
80
118
71
87
76
88
78
74
87
85
114
87
63
85
128
81
85
67
65
83
83
134
155
74
89
84
119
89
83
78
58
83
89
84
126
89
79
114
87
91
89
108
80
120
138
67
85
81
64
80
75
86
88
70
88
89
138
99
82
79
131
131
77
73
130
87
95
158
82
102
95
121
87
83
101
130
87
83
93
91
107
80
144
85
106
131
83
81
306
92
84
77
78
90
87
79
86
131
76
74
82
151
94
89
114
79
113
98
81
83
102
85
84
147
86
81
89
201
100
89
109
77
97
81
86
101
86
88
148
84
83
87
102
87
84
155
71
82
88
88
149
95
103
107
106
371
1074
