
77
90
94
93
91
201
96
96
87
101
200
106
197
92
97
106
-50
94
95
97
96
92
94
208
93
199
240
160
107
199
100
138
158
94
92
104
92
103
99
91
89
100
95
91
96
100
91
97
91
97
98
92
187
96
103
96
100
96
-41
100
86
94
94
93
100
100
94
100
102
102
91
96
102
196
99
105
103
190
95
95
106
98
93
97
100
96
98
98
94
102
101
103
95
100
94
98
91
103
103
97
96
93
105
98
96
-30
181
89
96
96
90
99
97
203
95
100
106
86
103
103
97
98
99
106
195
229
84
97
101
87
89
89
92
101
102
102
90
93
97
99
105
100
184
100
201
92
95
101
94
-35
97
96
96
98
94
88
409
104
96
104
94
89
94
93
200
89
100
360
148
95
93
95
92
102
97
103
87
102
100
99
90
96
96
91
97
98
102
95
99
99
92
-36
100
90
93
99
91
655
159
88
105
579
134
96
100
97
112
84
103
91
98
99
96
98
99
92
102
88
99
96
92
100
92
99
94
95
98
100
100
96
-35
94
84
98
199
156
148
95
207
93
97
100
104
93
98
107
97
198
88
188
111
99
95
100
93
91
96
95
191
97
108
99
102
100
95
96
92
97
91
103
95
110
73
-36
88
92
96
302
97
98
101
96
96
98
97
100
100
94
96
96
100
95
99
96
95
130
164
93
101
99
95
87
103
91
94
104
91
98
104
92
101
92
103
97
99
87
96
101
99
98
-37
97
168
117
105
91
100
100
102
98
96
108
87
96
97
101
104
93
90
93
93
98
94
96
118
175
93
101
83
104
98
98
96
103
90
99
95
92
88
101
97
91
100
99
88
723
154
96
97
112
99
91
96
94
97
107
92
100
93
100
96
93
90
89
163
726
130
96
97
108
93
96
98
94
95
99
93
97
90
101
101
57
96
98
97
90
94
96
99
93
96
91
89
103
94
96
97
92
96
100
90
96
94
90
102
96
362
145
93
98
100
95
91
91
93
98
97
195
96
186
192
96
90
129
