
115
76
92
75
78
89
146
82
85
87
78
102
82
82
146
78
76
87
84
120
81
78
88
108
82
104
99
96
81
87
115
79
87
85
76
84
68
120
85
91
79
87
110
91
80
86
125
41
87
78
90
92
99
72
82
86
159
102
91
86
79
120
96
93
86
72
106
89
77
75
74
84
74
85
83
78
121
77
75
79
76
80
110
80
77
81
82
125
119
134
96
82
113
74
88
91
110
80
87
95
101
131
72
82
104
83
89
121
104
81
72
74
77
77
82
86
113
87
78
91
88
83
107
81
80
93
84
80
103
100
79
88
85
82
87
104
97
85
137
79
120
85
105
79
77
73
63
90
89
93
164
91
97
79
70
63
88
97
107
83
140
82
82
86
99
78
78
80
90
120
74
84
83
127
82
78
88
83
118
82
77
86
67
85
86
72
82
77
83
87
79
80
125
96
88
90
77
90
106
80
104
82
79
76
85
125
79
81
81
102
147
91
71
78
97
82
86
83
69
92
85
95
65
83
73
127
70
74
76
81
117
114
63
92
92
89
103
82
108
75
90
93
82
53
133
111
73
93
86
72
78
111
72
86
80
89
99
61
85
87
86
120
87
88
83
116
91
83
86
78
91
91
113
126
84
79
81
114
76
91
94
87
120
85
94
104
128
88
84
81
107
74
76
87
89
66
87
84
78
123
88
71
81
102
85
101
100
80
67
278
96
151
79
80
84
71
54
85
75
69
81
88
112
89
136
101
88
74
120
89
94
86
126
84
83
82
152
82
81
110
112
82
78
120
127
88
97
93
122
87
139
68
80
82
108
52
89
95
106
75
75
105
114
81
96
76
76
110
82
81
74
82
114
81
90
85
62
108
83
93
81
115
83
81
91
81
117
87
84
84
103
78
94
87
185
94
78
89
94
83
81
77
132
89
111
88
118
67
75
80
75
116
76
88
85
113
84
86
110
86
88
69
77
93
88
80
110
97
87
87
116
77
86
80
88
122
87
82
74
123
81
66
71
73
102
122
68
83
102
127
88
68
90
90
99
93
87
135
80
92
127
74
83
80
106
75
88
76
85
121
91
80
84
106
83
82
119
83
80
108
96
84
97
65
141
86
135
86
78
137
81
74
87
96
181
91
101
120
110
81
92
116
92
94
95
124
86
92
143
79
93
88
134
94
78
106
77
88
82
74
101
87
89
95
99
85
83
106
81
77
95
86
114
100
102
137
90
114
117
82
78
119
135
90
80
78
86
69
88
87
117
78
94
90
73
80
100
86
110
74
75
76
154
79
110
89
67
90
81
129
81
74
89
85
73
90
97
133
87
93
77
131
153
118
132
92
93
116
52
79
101
181
88
94
85
117
71
92
96
132
82
87
92
75
77
106
143
84
86
283
85
89
97
147
98
73
86
129
56
84
88
112
79
74
88
95
84
112
91
106
137
76
89
72
114
85
79
93
199
101
89
121
101
85
148
90
83
81
87
91
92
86
75
104
85
81
142
63
99
82
93
150
91
100
107
120
368
1068
